4
linear   essential      -0.250000   0.750000
linear   non-essential   0.000000   1.000000
linear   essential       0.000000   1.000000
linear   essential       0.000000   1.000000

品 1
significant   elliptical     3
	  0.375000  0.685547  0.234375  0.238281
	  0.000400  0.000400  0.000400  0.000400

牌 1
significant   elliptical     6
	  0.367188  0.677344  0.228516  0.355469
	  0.000400  0.000400  0.000400  0.000400

M 1
significant   elliptical     9
	  0.323785  0.474740  0.202257  0.244792
	  0.000601  0.000400  0.000400  0.000400

i 1
significant   elliptical     3
	  0.355469  0.175000  0.222656  0.054688
	  0.000400  0.000400  0.000400  0.000400

d 1
significant   elliptical     3
	  0.296875  0.307031  0.210938  0.160156
	  0.000400  0.000400  0.000400  0.000400

e 1
significant   elliptical     5
	  0.264062  0.322344  0.157813  0.159375
	  0.000912  0.014374  0.000400  0.004077

a 1
significant   elliptical     6
	  0.276693  0.273763  0.154948  0.134115
	  0.001309  0.001976  0.000400  0.000938

/ 1
significant   elliptical     5
	  0.342187  1.561250  0.223438  0.633594
	  0.001065  0.069535  0.000400  0.015384

颜 1
significant   elliptical     6
	  0.375000  0.654687  0.246094  0.265625
	  0.000400  0.000400  0.000400  0.000400

色 1
significant   elliptical    10
	  0.351953  1.552187  0.228906  0.669531
	  0.000400  0.477277  0.000400  0.098322

B 1
significant   elliptical     7
	  0.342076  0.290123  0.217634  0.121094
	  0.001632  0.006329  0.000400  0.000400

1 1
significant   elliptical    17
	  0.401195  0.239453  0.209559  0.108915
	  0.001771  0.028246  0.000400  0.009739

款 1
significant   elliptical     2
	  0.359375  1.243750  0.218750  0.527344
	  0.000400  0.000400  0.000400  0.000400

m 1
significant   elliptical     3
	  0.274740  0.379557  0.165365  0.238281
	  0.001836  0.000400  0.000400  0.000400

c 1
significant   elliptical     2
	  0.308594  0.219141  0.175781  0.128906
	  0.000400  0.000400  0.000400  0.000400

人 1
significant   elliptical     2
	  0.363281  0.435937  0.246094  0.187500
	  0.000400  0.000400  0.000400  0.000400

肉 1
significant   elliptical     2
	  0.347656  0.410156  0.210938  0.164062
	  0.000400  0.000400  0.000400  0.000400

) 1
significant   elliptical     2
	  0.402344  0.190234  0.246094  0.078125
	  0.000400  0.000400  0.000400  0.000400

工 1
significant   elliptical     7
	  0.375000  0.425391  0.308594  0.214844
	  0.000400  0.000400  0.000400  0.000400

作 1
significant   elliptical    12
	  0.391927  0.596256  0.209635  0.296224
	  0.000400  0.060925  0.000400  0.010725

: 1
significant   elliptical    31
	  0.306452  0.100000  0.195312  0.050781
	  0.000400  0.000400  0.000400  0.000400

紫 1
significant   elliptical     9
	  0.356771  0.910156  0.222656  0.379340
	  0.000400  0.000400  0.000400  0.000400

外 1
significant   elliptical     9
	  0.357639  0.863976  0.226562  0.361111
	  0.000400  0.263905  0.000400  0.043847

打 1
significant   elliptical     6
	  0.356771  0.450521  0.247396  0.231771
	  0.001469  0.000667  0.000400  0.001176

保 1
significant   elliptical     7
	  0.375558  1.075614  0.240513  0.490513
	  0.000400  0.000410  0.000400  0.000400

修 1
significant   elliptical     7
	  0.375000  0.789062  0.222656  0.328125
	  0.000400  0.000400  0.000400  0.000400

型 1
significant   elliptical     7
	  0.377232  1.474498  0.239397  0.547991
	  0.000400  0.002608  0.000400  0.000400

额 1
significant   elliptical     7
	  0.362165  1.251562  0.234375  0.476562
	  0.000558  0.000400  0.000400  0.000400

功 1
significant   elliptical    11
	  0.293324  0.371094  0.218750  0.183594
	  0.000639  0.000400  0.000400  0.000400

率 1
significant   elliptical     7
	  0.380580  0.582812  0.210938  0.265625
	  0.000930  0.000400  0.000400  0.000400

0 1
significant   elliptical    16
	  0.354004  0.485254  0.215820  0.239014
	  0.001168  0.089229  0.000400  0.025529

W 1
significant   elliptical     5
	  0.364844  0.531172  0.210156  0.272656
	  0.000400  0.011318  0.000400  0.001758

A 1
significant   elliptical     4
	  0.371094  0.605566  0.246094  0.389648
	  0.000400  0.008899  0.000400  0.005222

操 1
significant   elliptical     4
	  0.363281  0.792578  0.230469  0.238281
	  0.000400  0.000400  0.000400  0.000400

方 1
significant   elliptical     8
	  0.362793  0.856592  0.227539  0.414551
	  0.000400  0.000400  0.000400  0.000400

持 1
significant   elliptical     5
	  0.382812  1.697344  0.226562  0.738281
	  0.000400  0.000400  0.000400  0.000400

除 1
significant   elliptical    18
	  0.378472  1.795399  0.211589  0.791016
	  0.006854  1.396436  0.002406  0.226926

有 1
significant   elliptical     9
	  0.367188  0.595703  0.203125  0.218750
	  0.000400  0.000400  0.000400  0.000400

线 1
significant   elliptical    10
	  0.357422  0.734297  0.232031  0.287109
	  0.000400  0.013746  0.000400  0.002266

螨 1
significant   elliptical    10
	  0.343359  0.373711  0.223047  0.173047
	  0.000400  0.009736  0.000400  0.001255

仪 1
significant   elliptical     8
	  0.437500  0.240625  0.226562  0.105469
	  0.000400  0.000400  0.000400  0.000400

电 1
significant   elliptical    11
	  0.332386  0.555540  0.215554  0.244318
	  0.000444  0.015727  0.000400  0.002577

源 1
significant   elliptical     3
	  0.421875  0.787500  0.234375  0.250000
	  0.000400  0.000400  0.000400  0.000400

插 1
significant   elliptical     3
	  0.390625  0.781901  0.222656  0.304688
	  0.000400  0.000400  0.000400  0.000400

式 1
significant   elliptical     3
	  0.351562  0.544141  0.226562  0.253906
	  0.000400  0.000400  0.000400  0.000400

压 1
significant   elliptical     4
	  0.332031  0.692578  0.250000  0.306641
	  0.000651  0.000661  0.000400  0.000400

2 1
significant   elliptical    17
	  0.349494  0.283961  0.243566  0.132353
	  0.001778  0.000400  0.000400  0.000400

V 1
significant   elliptical     5
	  0.389844  0.452344  0.202344  0.221094
	  0.001239  0.159068  0.000400  0.022343

机 1
significant   elliptical     7
	  0.347656  0.642746  0.218750  0.269531
	  0.000400  0.000400  0.000400  0.000400

身 1
significant   elliptical     7
	  0.375000  0.671708  0.214844  0.203125
	  0.000400  0.000400  0.000400  0.000400

重 1
significant   elliptical     7
	  0.386719  1.883984  0.265625  0.496094
	  0.000400  0.000400  0.000400  0.000400

量 1
significant   elliptical     7
	  0.312500  0.100000  0.195312  0.050781
	  0.000400  0.000400  0.000400  0.000400

g 1
significant   elliptical     3
	  0.312500  0.771875  0.238281  0.382812
	  0.000400  0.000400  0.000400  0.000400

以 1
significant   elliptical     4
	  0.374023  0.335938  0.252930  0.185547
	  0.000400  0.000977  0.000400  0.002579

下 1
significant   elliptical     4
	  0.386719  0.316211  0.235352  0.164062
	  0.000400  0.000400  0.000400  0.000400

曲 1
significant   elliptical     3
	  0.375000  0.685547  0.234375  0.238281
	  0.000400  0.000400  0.000400  0.000400

U 1
significant   elliptical     2
	  0.335938  0.338672  0.224609  0.191406
	  0.000400  0.000400  0.000400  0.000400

w 1
significant   elliptical     2
	  0.273438  0.341602  0.158203  0.193359
	  0.000400  0.000400  0.000400  0.000400

n 1
significant   elliptical     2
	  0.242188  0.246875  0.162109  0.146484
	  0.000400  0.000400  0.000400  0.000400

t 1
significant   elliptical     1
	  0.289062  0.153516  0.207031  0.085938
	  0.000400  0.000400  0.000400  0.000400

月 1
significant   elliptical     4
	  0.429688  0.369531  0.242188  0.148438
	  0.000400  0.000400  0.000400  0.000400

牙 1
significant   elliptical     1
	  0.386719  0.700000  0.253906  0.312500
	  0.000400  0.000400  0.000400  0.000400

白 1
significant   elliptical     2
	  0.347656  0.524219  0.216797  0.208984
	  0.000400  0.005480  0.000400  0.000618

珍 1
significant   elliptical     1
	  0.386719  1.143359  0.230469  0.507812
	  0.000400  0.000400  0.000400  0.000400

珠 1
significant   elliptical     1
	  0.343750  0.560156  0.214844  0.238281
	  0.000400  0.000400  0.000400  0.000400

超 1
significant   elliptical     3
	  0.381510  1.143099  0.229167  0.402344
	  0.000860  0.125531  0.000400  0.018311

声 1
significant   elliptical     3
	  0.380208  0.907812  0.227865  0.337240
	  0.000860  0.120000  0.000400  0.020833

… 1
significant   elliptical     3
	  0.083333  0.141667  0.050781  0.170573
	  0.001302  0.001302  0.000400  0.003179

k 1
significant   elliptical     5
	  0.393750  0.228437  0.212500  0.121875
	  0.002322  0.002000  0.000400  0.001102

( 1
significant   elliptical     7
	  0.353237  3.320926  0.228237  1.733259
	  0.000400  0.052029  0.000400  0.012221

个 1
significant   elliptical     4
	  0.410156  0.350000  0.183594  0.207031
	  0.000400  0.000400  0.000400  0.000400

3 1
significant   elliptical     1
	  0.300781  0.258594  0.214844  0.109375
	  0.000400  0.000400  0.000400  0.000400

s 1
significant   elliptical     1
	  0.230469  0.201172  0.160156  0.101562
	  0.000400  0.000400  0.000400  0.000400

4 1
significant   elliptical     1
	  0.335938  0.340234  0.222656  0.183594
	  0.000400  0.000400  0.000400  0.000400

生 1
significant   elliptical     4
	  0.378906  0.925000  0.222656  0.488281
	  0.000400  0.000400  0.000400  0.000400

企 1
significant   elliptical     4
	  0.319336  0.568555  0.229492  0.248047
	  0.000400  0.001264  0.000400  0.001236

业 1
significant   elliptical     5
	  0.331250  0.539141  0.239063  0.214062
	  0.000400  0.017120  0.000400  0.001346

苏 1
significant   elliptical     1
	  0.375000  1.157422  0.226562  0.511719
	  0.000400  0.000400  0.000400  0.000400

为 1
significant   elliptical     1
	  0.347656  0.529688  0.226562  0.234375
	  0.000400  0.000400  0.000400  0.000400

附 1
significant   elliptical     4
	  0.339844  0.894141  0.234375  0.394531
	  0.000400  0.000400  0.000400  0.000400

加 1
significant   elliptical     4
	  0.328125  0.298047  0.207031  0.136719
	  0.000400  0.000400  0.000400  0.000400

能 1
significant   elliptical     5
	  0.350781  0.700391  0.231250  0.231250
	  0.000400  0.025830  0.000400  0.001758

尘 1
significant   elliptical     1
	  0.328125  1.013281  0.242188  0.511719
	  0.000400  0.000400  0.000400  0.000400

感 1
significant   elliptical     2
	  0.326172  0.696484  0.230469  0.269531
	  0.000923  0.002052  0.000400  0.000400

昆 1
significant   elliptical     1
	  0.339844  1.262109  0.214844  0.511719
	  0.000400  0.000400  0.000400  0.000400

K 1
significant   elliptical     2
	  0.324219  0.263086  0.203125  0.140625
	  0.000400  0.000400  0.000400  0.000400

o 1
significant   elliptical     1
	  0.234375  0.248437  0.148438  0.148438
	  0.000400  0.000400  0.000400  0.000400

尊 1
significant   elliptical     1
	  0.347656  0.632031  0.230469  0.234375
	  0.000400  0.000400  0.000400  0.000400

贵 1
significant   elliptical     1
	  0.347656  2.266406  0.218750  1.015625
	  0.000400  0.000400  0.000400  0.000400

【 1
significant   elliptical     1
	  0.343750  0.237500  0.292969  0.105469
	  0.000400  0.000400  0.000400  0.000400

6 1
significant   elliptical     2
	  0.359375  0.314258  0.208984  0.136719
	  0.001495  0.000400  0.000400  0.000400

装 1
significant   elliptical     1
	  0.359375  2.869531  0.230469  1.105469
	  0.000400  0.000400  0.000400  0.000400

年 1
significant   elliptical     2
	  0.363281  0.502734  0.179688  0.238281
	  0.001953  0.000400  0.000400  0.000400

C 1
significant   elliptical     2
	  0.332031  0.275000  0.238281  0.154297
	  0.000763  0.000400  0.000400  0.000400

Y 1
significant   elliptical     1
	  0.382812  0.228516  0.203125  0.132812
	  0.000400  0.000400  0.000400  0.000400

- 1
significant   elliptical     3
	  0.281250  0.062240  0.019531  0.087240
	  0.000400  0.000400  0.000400  0.000400

9 1
significant   elliptical     1
	  0.320312  0.306250  0.207031  0.121094
	  0.000400  0.000400  0.000400  0.000400

T 1
significant   elliptical     1
	  0.398438  0.204297  0.222656  0.101562
	  0.000400  0.000400  0.000400  0.000400

产 1
significant   elliptical     2
	  0.341797  0.863477  0.226562  0.441406
	  0.001289  0.195557  0.000400  0.088989

深 1
significant   elliptical     1
	  0.390625  1.079297  0.238281  0.386719
	  0.000400  0.000400  0.000400  0.000400

圳 1
significant   elliptical     1
	  0.375000  0.150000  0.207031  0.058594
	  0.000400  0.000400  0.000400  0.000400

市 1
significant   elliptical     1
	  0.386719  0.373437  0.218750  0.160156
	  0.000400  0.000400  0.000400  0.000400

康 1
significant   elliptical     1
	  0.386719  1.151953  0.234375  0.519531
	  0.000400  0.000400  0.000400  0.000400

家 1
significant   elliptical     3
	  0.385417  0.463021  0.234375  0.197917
	  0.000860  0.058560  0.000400  0.005880

答 1
significant   elliptical     1
	  0.359375  1.020703  0.226562  0.382812
	  0.000400  0.000400  0.000400  0.000400

器 1
significant   elliptical     1
	  0.382812  0.308594  0.238281  0.164062
	  0.000400  0.000400  0.000400  0.000400

热 1
significant   elliptical     1
	  0.332031  0.674219  0.214844  0.250000
	  0.000400  0.000400  0.000400  0.000400

风 1
significant   elliptical     2
	  0.410156  0.825391  0.238281  0.332031
	  0.000400  0.000400  0.000400  0.000400

湿 1
significant   elliptical     2
	  0.412109  0.429688  0.150391  0.171875
	  0.002205  0.253828  0.019844  0.012207

侍 1
significant   elliptical     1
	  0.328125  0.698047  0.238281  0.312500
	  0.000400  0.000400  0.000400  0.000400

并 1
significant   elliptical     1
	  0.351562  0.360938  0.250000  0.234375
	  0.000400  0.000400  0.000400  0.000400

无 1
significant   elliptical     1
	  0.375000  0.553906  0.250000  0.234375
	  0.000400  0.000400  0.000400  0.000400

D 1
significant   elliptical     2
	  0.351562  0.407031  0.238281  0.179688
	  0.000400  0.000400  0.000400  0.000400

r 1
significant   elliptical     1
	  0.343750  0.145313  0.175781  0.082031
	  0.000400  0.000400  0.000400  0.000400

E 1
significant   elliptical     1
	  0.324219  0.288672  0.250000  0.128906
	  0.000400  0.000400  0.000400  0.000400

8 1
significant   elliptical     1
	  0.347656  0.371094  0.210938  0.121094
	  0.000400  0.000400  0.000400  0.000400

试 1
significant   elliptical     1
	  0.343750  2.279687  0.230469  1.015625
	  0.000400  0.000400  0.000400  0.000400

勿 1
significant   elliptical     1
	  0.339844  1.143750  0.214844  0.492188
	  0.000400  0.000400  0.000400  0.000400

德 1
significant   elliptical     2
	  0.363281  1.198828  0.222656  0.480469
	  0.000400  0.000400  0.000400  0.000400

尔 1
significant   elliptical     2
	  0.414062  0.589453  0.238281  0.238281
	  0.000400  0.000400  0.000400  0.000400

是 1
significant   elliptical     1
	  0.386719  2.855078  0.230469  1.082031
	  0.000400  0.000400  0.000400  0.000400

否 1
significant   elliptical     1
	  0.433594  0.679297  0.242188  0.226562
	  0.000400  0.000400  0.000400  0.000400

X 1
significant   elliptical     1
	  0.390625  0.295312  0.234375  0.164062
	  0.000400  0.000400  0.000400  0.000400

5 1
significant   elliptical     1
	  0.410156  0.256250  0.222656  0.121094
	  0.000400  0.000400  0.000400  0.000400

极 1
significant   elliptical     1
	  0.398438  0.590234  0.242188  0.238281
	  0.000400  0.000400  0.000400  0.000400

地 1
significant   elliptical     1
	  0.343750  1.170313  0.222656  0.480469
	  0.000400  0.000400  0.000400  0.000400

原 1
significant   elliptical     2
	  0.386719  1.203516  0.250000  0.460938
	  0.000400  0.000400  0.000400  0.000400

再 1
significant   elliptical     2
	  0.402344  1.133203  0.230469  0.363281
	  0.000400  0.000400  0.000400  0.000400

动 1
significant   elliptical     2
	  0.308594  0.279883  0.226562  0.146484
	  0.000400  0.000400  0.000400  0.000400

拍 1
significant   elliptical     2
	  0.337891  0.502148  0.218750  0.226562
	  0.000400  0.000632  0.000400  0.000400

吸 1
significant   elliptical     2
	  0.347656  1.084570  0.246094  0.482422
	  0.000400  0.036429  0.000400  0.003365

美 1
significant   elliptical     1
	  0.351562  0.746094  0.203125  0.242188
	  0.000400  0.000400  0.000400  0.000400

的 1
significant   elliptical     1
	  0.343750  0.592578  0.222656  0.261719
	  0.000400  0.000400  0.000400  0.000400

I 1
significant   elliptical     1
	  0.406250  0.162500  0.226562  0.058594
	  0.000400  0.000400  0.000400  0.000400

米 1
significant   elliptical     2
	  0.378906  0.432031  0.199219  0.181641
	  0.000400  0.018169  0.000400  0.004768

广 1
significant   elliptical     1
	  0.613281  0.133984  0.058594  0.171875
	  0.000400  0.000400  0.000400  0.000400

东 1
significant   elliptical     1
	  0.335938  0.557422  0.218750  0.226562
	  0.000400  0.000400  0.000400  0.000400

玛 1
significant   elliptical     1
	  0.398438  0.207422  0.230469  0.085938
	  0.000400  0.000400  0.000400  0.000400

股 1
significant   elliptical     1
	  0.386719  0.398047  0.226562  0.152344
	  0.000400  0.000400  0.000400  0.000400

份 1
significant   elliptical     1
	  0.367188  0.599219  0.234375  0.226562
	  0.000400  0.000400  0.000400  0.000400

限 1
significant   elliptical     1
	  0.371094  0.520703  0.238281  0.191406
	  0.000400  0.000400  0.000400  0.000400

. 1
significant   elliptical     1
	  0.125000  0.100000  0.050781  0.136719
	  0.000400  0.000400  0.000400  0.000400
